241
[[0.41029530422076693, 0.50272893861410084, 0.086975757165132353], [0.59926527259872886, 0.34154085465343031, 0.059193872747840777], [0.38773880248755094, 0.52433813468614221, 0.087923062826306811], [0.38612269544299122, 0.52767984884826757, 0.086197455708741183], [0.38589922676777244, 0.52813824599053327, 0.085962527241694162]]
230
[[0.44315470822303793, 0.19483694824105693, 0.36200834353590516], [0.39977612220422842, 0.24487276003866154, 0.35535111775710992], [0.47537783579220866, 0.16064533974792211, 0.36397682445986917], [0.48667025229709143, 0.14940760329777367, 0.36392214440513493], [0.48825127535159568, 0.14786583052179728, 0.36388289412660696]]
92
[[0.2757542969026795, 0.31092895788204256, 0.413316745215278], [0.27836979541098328, 0.29552013007338646, 0.42611007451563032], [0.44379976973336011, 0.35234085292905898, 0.20385937733758086], [0.44632427769600969, 0.35240883963156205, 0.20126688267242826], [0.44633550793187599, 0.35240910509699963, 0.20125538697112444]]
79
[[0.56497824970167299, 0.21258889020272626, 0.2224328600956007], [0.88090089862979648, 0.057925202485279867, 0.061173898884923576], [0.51978942192017119, 0.24338476868473663, 0.23682580939509226], [0.41348038506451629, 0.32192518771564776, 0.26459442721983606], [0.39312556020320827, 0.33804449177124485, 0.26882994802554694]]
28
[[0.27883377245891144, 0.31936327429161204, 0.40180295324947646], [0.5033745777980666, 0.18539335737010718, 0.31123206483182619], [0.10280982991115778, 0.52919857801680315, 0.36799159207203908], [0.10477438251247177, 0.52588335995782221, 0.36934225752970606], [0.26932521342105503, 0.32793106004286326, 0.40274372653608165]]
201
[[0.051780096038642066, 0.070092316269555727, 0.8781275876918021], [0.063516754091449412, 0.14423179715211287, 0.7922514487564376], [0.072228649604037548, 0.44023613199960054, 0.48753521839636188], [0.068362898465187227, 0.17702635825497381, 0.7546107432798389], [0.054062791911170534, 0.072084480731510317, 0.87385272735731923]]
125
[[0.2089922870836271, 0.09131749209081208, 0.69969022082556076], [0.36891189711350098, 0.16835406637637362, 0.4627340365101254], [0.15129485605130435, 0.076676012211549502, 0.77202913173714616], [0.15129489081263292, 0.076676022240241892, 0.77202908694712524], [0.15141037645146543, 0.076709332364179969, 0.77188029118435464]]
59
[[0.37629301737678456, 0.28406252597548093, 0.33964445664773441], [0.2510591419638657, 0.3577831900361817, 0.39115766799995255], [0.29840830345702624, 0.33398913279538434, 0.36760256374758948], [0.29840830345702624, 0.33398913279538434, 0.36760256374758948], [0.29840830345702563, 0.33398913279538456, 0.36760256374758976]]
206
[[0.095311805295589844, 0.679026696007624, 0.2256614986967862], [0.1188227712798519, 0.61052552405938476, 0.27065170466076344], [0.083122313502754175, 0.69870582715783813, 0.21817185933940766], [0.081670171786556209, 0.70117493472684611, 0.21715489348659769], [0.081473689005804067, 0.70151049255062337, 0.21701581844357257]]
182
[[0.33333333333333331, 0.33333333333333331, 0.33333333333333331], [0.29925497727293038, 0.37327995114449564, 0.32746507158257399], [0.33333333333333331, 0.33333333333333331, 0.33333333333333331], [0.33333333333333331, 0.33333333333333331, 0.33333333333333331], [0.33333333333333331, 0.33333333333333331, 0.33333333333333331]]
179
[[0.33333562214505746, 0.33333210186203271, 0.33333227599290977], [0.64053763361631433, 0.024075449598509983, 0.33538691678517557], [0.3517051445817706, 0.32360480377798134, 0.324690051640248], [0.35179877005753807, 0.32355533791489838, 0.32464589202756361], [0.35327652383301117, 0.32165941602324138, 0.3250640601437475]]
235
[[0.3333333307978058, 0.33333333603405124, 0.33333333316814295], [0.37678679554349614, 0.32831197244518928, 0.29490123201131457], [0.33333333333333331, 0.33333333333333331, 0.33333333333333331], [0.33333333333333331, 0.33333333333333331, 0.33333333333333331], [0.33333333333333331, 0.33333333333333331, 0.33333333333333331]]
16
[[0.33333327699081078, 0.33333303029228206, 0.33333369271690716], [0.35895907798110072, 0.33345320690496322, 0.30758771511393596], [0.33333333333333331, 0.33333333333333331, 0.33333333333333331], [0.33333333333333331, 0.33333333333333331, 0.33333333333333331], [0.33333333333333331, 0.33333333333333331, 0.33333333333333331]]
206
[[0.26600474879240332, 0.37539232655772231, 0.35860292464987437], [0.62877376374070604, 0.16329435270511425, 0.2079318835541796], [0.13276989705047226, 0.25352295798047575, 0.61370714496905188], [0.043018206295087423, 0.19127218365466214, 0.76570961005025051], [0.034302699667093962, 0.17881114984932869, 0.78688615048357724]]
286
[[0.34403130254308256, 0.3760853910351335, 0.27988330642178394], [0.33952516528539634, 0.4532532475419066, 0.20722158717269706], [0.2807409404924549, 0.36891102600917819, 0.35034803349836691], [0.21157718692858474, 0.34685683882639767, 0.44156597424501765], [0.20120899786414115, 0.34201291025417013, 0.45677809188168866]]
117
[[0.33333407051969682, 0.33333322799421661, 0.33333270148608674], [0.41442102030302058, 0.31874012185366996, 0.26683885784330941], [0.52600507432643584, 0.28246827791777851, 0.1915266477557856], [0.52182124311945233, 0.28399762915618937, 0.19418112772435817], [0.48368837724902497, 0.29715346351664673, 0.2191581592343283]]
241
[[0.33333333329470971, 0.33333333337762633, 0.33333333332766396], [0.49159813641693556, 0.25935437890037633, 0.24904748468268803], [0.33333333114132402, 0.3333333358470959, 0.33333333301158008], [0.33333318255074351, 0.33333350624851582, 0.33333331120074067], [0.33333043525158562, 0.33333665681886981, 0.33333290792954451]]
220
[[0.16402840899693649, 0.087841476338064078, 0.74813011466499946], [0.18785602542162202, 0.17538876064826164, 0.63675521393011636], [0.13910422527548255, 0.062891246246932861, 0.79800452847758463], [0.12264179563784462, 0.040740725647102544, 0.83661747871505276], [0.11990125542297507, 0.03774441773605406, 0.84235432684097089]]
86
[[0.33664401863264287, 0.32935083712288893, 0.33400514424446809], [0.3448228126780758, 0.32146649175696196, 0.3337106955649623], [0.31656679688972494, 0.35392162879125272, 0.32951157431902234], [0.31656679688972494, 0.35392162879125272, 0.32951157431902234], [0.31656679688982015, 0.35392162879113392, 0.32951157431904604]]
110
[[0.33333333333333331, 0.33333333333333331, 0.33333333333333331], [0.54234355637863418, 0.2033427707932913, 0.25431367282807449], [0.33333333333333331, 0.33333333333333331, 0.33333333333333331], [0.33333333333333331, 0.33333333333333331, 0.33333333333333331], [0.33333333333333331, 0.33333333333333331, 0.33333333333333331]]
65
[[0.33332713124728308, 0.33333064251738775, 0.33334222623532916], [0.10513161785108344, 0.45069351536737196, 0.44417486678154455], [0.33333333333332704, 0.33333333333333059, 0.33333333333334236], [0.33333333304939872, 0.33333333321014869, 0.33333333374045271], [0.33313796436806736, 0.33324852366554286, 0.33361351196638994]]
43
[[0.33333333333333331, 0.33333333333333331, 0.33333333333333331], [0.9497166689907266, 0.013572353802715828, 0.036710977206557575], [0.33333333333333331, 0.33333333333333331, 0.33333333333333331], [0.33333333333333331, 0.33333333333333331, 0.33333333333333331], [0.33333333333333331, 0.33333333333333331, 0.33333333333333331]]
163
[[0.52696310860107154, 0.39509638876656095, 0.07794050263236757], [0.9690001779674845, 0.013325059233496896, 0.01767476279901866], [0.55420455768014021, 0.22172075725709414, 0.2240746850627657], [0.55263231150198855, 0.21681834003410336, 0.23054934846390801], [0.55233963575942491, 0.21613422768875953, 0.23152613655181536]]
185
[[0.33333333333333331, 0.33333333333333331, 0.33333333333333331], [0.67827754681763686, 0.12559847005964675, 0.19612398312271651], [0.33333333333333331, 0.33333333333333331, 0.33333333333333331], [0.33333333333333331, 0.33333333333333331, 0.33333333333333331], [0.33333333333333331, 0.33333333333333331, 0.33333333333333331]]
61
[[0.40872128497267252, 0.52030638962292175, 0.070972325404405817], [0.19655964775885623, 0.38398584227770421, 0.41945450996343958], [0.38165551991762497, 0.57129979566165268, 0.047044684420722273], [0.39574008492051072, 0.5612640764093425, 0.042995838670146724], [0.39776394076792054, 0.55978093566991605, 0.04245512356216339]]
106
[[0.38400551322635584, 0.41097341705277385, 0.20502106972087025], [0.84023061172998426, 0.13250410241113547, 0.027265285858880408], [0.16155556382441677, 0.36802298649804926, 0.47042144967753396], [0.1245140352123995, 0.4021062993746457, 0.47337966541295479], [0.11982870214721608, 0.40708547641618842, 0.47308582143659544]]
256
[[0.44012061886406467, 0.24130795526021095, 0.31857142587572435], [0.42295991473051042, 0.27722814982156463, 0.29981193544792506], [0.33335218294257457, 0.33331541063364334, 0.33333240642378215], [0.33503547495766667, 0.33171753165202417, 0.33324699339030911], [0.35618381993127302, 0.31207640408835696, 0.33173977598037002]]
102
[[0.4620907342422193, 0.035205294196478505, 0.5027039715613022], [0.36354264301321271, 0.035069338756250346, 0.60138801823053689], [0.46354515632052329, 0.030457658776514171, 0.50599718490296253], [0.4635920919007136, 0.030242197839827678, 0.50616571025945878], [0.46359839716889117, 0.030213108494626204, 0.50618849433648261]]
152
[[0.5206706692074865, 0.138502264081935, 0.3408270667105785], [0.026323857710815319, 0.50140026802868765, 0.47227587426049694], [0.5206706692074865, 0.138502264081935, 0.3408270667105785], [0.5206706692074865, 0.138502264081935, 0.3408270667105785], [0.52067066920748617, 0.13850226408193528, 0.34082706671057855]]
111
[[0.32380445527918572, 0.45931226278243226, 0.21688328193838199], [0.033483368355902141, 0.5924955239397186, 0.37402110770437924], [0.30796560173001136, 0.50545189118267231, 0.18658250708731619], [0.30751126078152408, 0.50668133016403505, 0.18580740905444082], [0.30744940296647361, 0.50684837585612175, 0.18570222117740467]]
123
[[0.11937471653194168, 0.76476683736303308, 0.11585844610502524], [0.11741357648707675, 0.78979191713256813, 0.092794506380355191], [0.11035578279717087, 0.79709406384975112, 0.092550153353077952], [0.10974641847024055, 0.79911422319051095, 0.09113935833924855], [0.109663666686211, 0.79938711887710712, 0.090949214436681955]]
291
[[0.33249857731189919, 0.33371583521304127, 0.33378558747505949], [0.05076739622577546, 0.57211659247605273, 0.3771160112981719], [0.33333333333333331, 0.33333333333333331, 0.33333333333333331], [0.33333333333333331, 0.33333333333333331, 0.33333333333333331], [0.33333333333333265, 0.33333333333333365, 0.3333333333333337]]
261
[[0.29368275223906826, 0.16756044153222965, 0.53875680622870226], [0.097616176112402517, 0.72657960566114721, 0.1758042182264504], [0.04426391706454734, 0.4898911012927723, 0.46584498164268046], [0.040619926666346895, 0.49221378117980119, 0.46716629215385186], [0.040139564122865824, 0.49252311114198427, 0.46733732473514983]]
206
[[0.32035344582241371, 0.37647825777568961, 0.30316829640189674], [0.3601301223851901, 0.33036727782769448, 0.30950259978711547], [0.31860613680557454, 0.36551299996837477, 0.31588086322605069], [0.31860613680557553, 0.36551299996837416, 0.31588086322605036], [0.31860613761608264, 0.36551299943851173, 0.31588086294540552]]
74
[[0.34542258821015304, 0.31581314780537983, 0.33876426398446724], [0.35799141853364225, 0.32054685435850672, 0.32146172710785109], [0.34413962570282514, 0.31765466171341133, 0.33820571258376364], [0.34413962570282514, 0.31765466171341133, 0.33820571258376364], [0.34413962570282514, 0.31765466171341133, 0.33820571258376364]]
131
[[0.11756065764689369, 0.4692914951660912, 0.41314784718701508], [0.1422196707209146, 0.48945545370866594, 0.3683248755704196], [0.1175606576427275, 0.46929149516695801, 0.4131478471903145], [0.1175606576427275, 0.46929149516695801, 0.4131478471903145], [0.11756065765389144, 0.4692914951646352, 0.41314784718147329]]
39
[[0.060730565380696454, 0.55363363467125326, 0.3856357999480502], [0.19566813632919744, 0.55979297338061562, 0.24453889029018683], [0.0296992549540065, 0.50213482293889533, 0.46816592210709812], [0.017138052637972263, 0.48179347146958007, 0.50106847589244774], [0.015696324785605887, 0.47826756525170994, 0.50603610996268411]]
132
[[0.33333333333333331, 0.33333333333333331, 0.33333333333333331], [0.40933291695191187, 0.28166709850575228, 0.30899998454233574], [0.33333333333333331, 0.33333333333333331, 0.33333333333333331], [0.33333333333333331, 0.33333333333333331, 0.33333333333333331], [0.33333333333333331, 0.33333333333333331, 0.33333333333333331]]
33
[[0.33333333333333331, 0.33333333333333331, 0.33333333333333331], [0.3241503616012934, 0.32665701863688984, 0.34919261976181676], [0.33333333333333331, 0.33333333333333331, 0.33333333333333331], [0.33333333333333331, 0.33333333333333331, 0.33333333333333331], [0.33333333333333331, 0.33333333333333331, 0.33333333333333331]]
153
[[0.12971473740460696, 0.43923858344646499, 0.43104667914892802], [0.51007587787650455, 0.37691320790433808, 0.1130109142191574], [0.095573553130440483, 0.47930250308796629, 0.42512394378159329], [0.40285684581374542, 0.23473486861428935, 0.36240828557196519], [0.43868752018505525, 0.21465885134849491, 0.34665362846644987]]
59
[[0.33333333333333331, 0.33333333333333331, 0.33333333333333331], [0.75959516994246545, 0.15523232236166726, 0.085172507695867372], [0.33333333333333331, 0.33333333333333331, 0.33333333333333331], [0.33333333333333331, 0.33333333333333331, 0.33333333333333331], [0.33333333333333331, 0.33333333333333331, 0.33333333333333331]]
165
[[0.18160496306488552, 0.2826958038559671, 0.53569923307914735], [0.089531630141702151, 0.20851712133728537, 0.70195124852101254], [0.069954488702513792, 0.18420416907533566, 0.74584134222215059], [0.067779233991943508, 0.18130037822503153, 0.75092038778302495], [0.067486675927766304, 0.18090528556698712, 0.75160803850524649]]
245
[[0.081361735490080578, 0.68715150629167676, 0.23148675821824283], [0.15579315124064375, 0.55108270713810525, 0.29312414162125106], [0.14846358453889927, 0.61646824575557724, 0.23506816970552344], [0.32244461455254958, 0.41139924731029343, 0.26615613813715699], [0.36447852496260208, 0.37014450888499673, 0.26537696615240114]]
191
[[0.33333333333333331, 0.33333333333333331, 0.33333333333333331], [0.30638071869842903, 0.34648019432604499, 0.34713908697552592], [0.33333333333333331, 0.33333333333333331, 0.33333333333333331], [0.33333333333333331, 0.33333333333333331, 0.33333333333333331], [0.33333333333333331, 0.33333333333333331, 0.33333333333333331]]
86
[[0.2702977828673751, 0.4186938394763397, 0.3110083776562852], [0.11507822584925767, 0.42729142166201933, 0.45763035248872297], [0.27029778285413902, 0.41869383948804428, 0.31100837765781675], [0.27029778285413902, 0.41869383948804428, 0.31100837765781675], [0.27029778737648186, 0.41869383548895794, 0.31100837713456025]]
70
[[0.29616885107273239, 0.59561753350155588, 0.10821361542571171], [0.7837473588639291, 0.1601276481673225, 0.056124992968748351], [0.31566947704322867, 0.58646024735668412, 0.097870275600087209], [0.31600726596276135, 0.58629252818353372, 0.097700205853704938], [0.31605303386072042, 0.58626978066976154, 0.097677185469518105]]
195
[[0.82172235331232313, 0.093543680558748538, 0.084733966128928459], [0.81630500234899062, 0.11414732547031017, 0.069547672180699349], [0.82172235331231158, 0.093543680558754394, 0.084733966128934024], [0.82172235331231158, 0.093543680558754394, 0.084733966128934024], [0.82172235331236132, 0.09354368055872897, 0.084733966128909724]]
25
[[0.29025125735918211, 0.40653327775259379, 0.3032154648882241], [0.29653147210267095, 0.39869974738239172, 0.30476878051493733], [0.26490985561157604, 0.45123474846687234, 0.28385539592155168], [0.26271311876690534, 0.45516408345931869, 0.28212279777377602], [0.26241065912190414, 0.45570576553677516, 0.28188357534132069]]
154
[[0.019674356845138616, 0.45898898320042536, 0.52133665995443612], [0.29964598225205402, 0.25609856074939846, 0.44425545699854757], [0.34917552287872683, 0.25163184059906002, 0.39919263652221321], [0.22015665142312058, 0.26382625898320899, 0.51601708959367043], [0.11375194128418714, 0.33721647413472056, 0.54903158458109236]]
74
[[0.33333333333477577, 0.33333333333249549, 0.33333333333272869], [0.28829770123044141, 0.1921209358601757, 0.51958136290938295], [0.33333333333333331, 0.33333333333333331, 0.33333333333333331], [0.33333333333333331, 0.33333333333333331, 0.33333333333333331], [0.33333333333333331, 0.33333333333333331, 0.33333333333333331]]
78
[[0.14583782338766976, 0.41440126647131215, 0.43976091014101815], [0.15662556019329968, 0.41658242853741428, 0.42679201126928595], [0.096567117543505249, 0.43246903717215696, 0.47096384528433777], [0.095467861452680478, 0.43283734351870062, 0.47169479502861889], [0.0953192698247535, 0.43288697566359546, 0.47179375451165112]]
51
[[0.25443212655272129, 0.48836091428432499, 0.25720695916295361], [0.25462522633643203, 0.54385234727281107, 0.2015224263907569], [0.2441037525624733, 0.52262652010368438, 0.23326972733384232], [0.2441037525624733, 0.52262652010368438, 0.2332697273338423], [0.24410375256267391, 0.52262652010322175, 0.23326972733410437]]
7
[[0.33742816080461008, 0.37409788446183501, 0.28847395473355486], [0.331872042978412, 0.4178565396552219, 0.25027141736636599], [0.34212389666022819, 0.48385144927186929, 0.17402465406790257], [0.34157504984517145, 0.48825854737686486, 0.1701664027779636], [0.34149616441770536, 0.48886345139280107, 0.16964038418949356]]
120
[[0.33379998408580741, 0.33296526618314964, 0.33323474973104306], [0.48176172021311503, 0.24369374882544403, 0.27454453096144094], [0.33333333333333331, 0.33333333333333331, 0.33333333333333331], [0.33333333333336518, 0.33333333333330822, 0.3333333333333266], [0.33333384777851138, 0.33333292741732135, 0.33333322480416738]]
131
[[0.32128049278287996, 0.49168296594447009, 0.18703654127264999], [0.51713454034720818, 0.22108595942698056, 0.26177950022581137], [0.3149286626324268, 0.53224016945502495, 0.15283116791254836], [0.31493843193856486, 0.53375646054745141, 0.15130510751398385], [0.31493949755596129, 0.53396246170452266, 0.15109804073951599]]
35
[[0.53687984282919798, 0.2315504607964283, 0.23156969637437358], [0.43148165576753855, 0.4541620844132383, 0.11435625981922326], [0.5445562944636938, 0.22771204672432291, 0.22773165881198332], [0.5447663659702926, 0.22760700597133179, 0.22762662805837564], [0.54479481050606815, 0.22759278302708555, 0.22761240646684622]]
124
[[0.33333333333333331, 0.33333333333333331, 0.33333333333333331], [0.22836810947906674, 0.2136429954371584, 0.55798889508377481], [0.33333333333333331, 0.33333333333333331, 0.33333333333333331], [0.33333333333333331, 0.33333333333333331, 0.33333333333333331], [0.33333333333333331, 0.33333333333333331, 0.33333333333333331]]
197
[[0.69706434437500253, 0.19198823198789952, 0.11094742363709795], [0.47983957827336066, 0.27419326946181871, 0.24596715226482066], [0.40631533194820962, 0.24447410382740822, 0.34921056422438218], [0.40631533194820962, 0.24447410382740822, 0.34921056422438218], [0.40631536935788481, 0.244474107211377, 0.34921052343073816]]
30
[[0.38392113479558415, 0.23038855438094921, 0.38569031082346672], [0.65970985479024891, 0.12043506080668585, 0.21985508440306517], [0.36687482617954981, 0.24157552127627838, 0.39154965254417184], [0.36687482617953049, 0.24157552127629128, 0.39154965254417834], [0.36687482603797256, 0.24157552137071872, 0.39154965259130875]]
1
[[0.33333333333333331, 0.33333333333333331, 0.33333333333333331], [0.33277789866395058, 0.33491668959130633, 0.3323054117447431], [0.33333333333333331, 0.33333333333333331, 0.33333333333333331], [0.33333333333333331, 0.33333333333333331, 0.33333333333333331], [0.33333333333333331, 0.33333333333333331, 0.33333333333333331]]
23
[[0.020770435967835222, 0.44033749274301126, 0.53889207128915351], [0.29608894762836163, 0.29749956566643404, 0.40641148670520427], [0.020769515528965523, 0.44033835320624959, 0.53889213126478497], [0.020769515528965977, 0.44033835320624914, 0.53889213126478486], [0.020769526211410635, 0.44033834321975435, 0.53889213056883511]]
221
[[0.33333333329630477, 0.3333333334051683, 0.33333333329852682], [0.40511895668517817, 0.37306587424274301, 0.22181516907207893], [0.33333333333333331, 0.33333333333333331, 0.33333333333333331], [0.33333333333331538, 0.33333333333336812, 0.33333333333331649], [0.33332866537679529, 0.33334238912931424, 0.33332894549389047]]
51
[[0.33333330334615302, 0.33333337904608329, 0.3333333176077638], [0.51567712188901893, 0.26111429932925273, 0.22320857878172828], [0.33333333338388343, 0.33333333325627423, 0.33333333335984228], [0.33333333333333331, 0.33333333333333331, 0.33333333333333331], [0.33333333333333331, 0.33333333333333331, 0.33333333333333331]]
180
[[0.17668513983008208, 0.1163872706517577, 0.70692758951816026], [0.25248646515319073, 0.10977106898960932, 0.63774246585719985], [0.1725641640989071, 0.10080787884080356, 0.72662795706028938], [0.17085753749826399, 0.096404869640245514, 0.73273759286149043], [0.17110557837529861, 0.095918250124289881, 0.7329761715004115]]
294
[[0.33333333333339699, 0.33333333333324422, 0.33333333333335885], [0.28728405497450832, 0.22902747016196415, 0.48368847486352751], [0.33333333333333331, 0.33333333333333331, 0.33333333333333331], [0.33333333333333331, 0.33333333333333331, 0.33333333333333331], [0.33333333340115279, 0.33333333323829728, 0.33333333336054999]]
245
[[0.4862836880247931, 0.16888844587605001, 0.34482786609915683], [0.6731603586706475, 0.104117830904291, 0.22272181042506153], [0.4862836880247931, 0.16888844587605001, 0.34482786609915683], [0.4862836880247931, 0.16888844587605001, 0.34482786609915683], [0.4862836880247931, 0.16888844587605001, 0.34482786609915683]]
224
[[0.29143147375080153, 0.33382885915008892, 0.37473966709910939], [0.69015240123219512, 0.17647224074207302, 0.13337535802573186], [0.27705620615675486, 0.33316239492108135, 0.38978139892216374], [0.27649181523361965, 0.3331268357713344, 0.39038134899504601], [0.2764150258426919, 0.33312194166949882, 0.39046303248780923]]
206
[[0.31308901627264846, 0.47916429445602898, 0.20774668927132256], [0.31914111562622605, 0.48181810050565305, 0.19904078386812088], [0.31244288511249185, 0.48170243907910498, 0.20585467580840314], [0.31244288511249185, 0.48170243907910498, 0.20585467580840314], [0.31244288511249185, 0.48170243907910498, 0.20585467580840314]]
42
[[0.26751005087298979, 0.42864916361953054, 0.30384078550747973], [0.45766124672534431, 0.29329256047574664, 0.24904619279890913], [0.21196496874127849, 0.51818520084472386, 0.26984983041399763], [0.20861122705939331, 0.52387424441684127, 0.26751452852376534], [0.20815168019495234, 0.52465640560273918, 0.26719191420230831]]
11
[[0.47197367924054728, 0.29349100742128237, 0.23453531333817049], [0.41016091205098343, 0.31361621307129217, 0.27622287487772429], [0.47197367924054728, 0.29349100742128237, 0.23453531333817049], [0.47197367924054728, 0.29349100742128237, 0.23453531333817049], [0.47197367924054728, 0.29349100742128237, 0.23453531333817049]]
51
[[0.55632398623840629, 0.080222828732902957, 0.36345318502869067], [0.51097003713464562, 0.20136618591747255, 0.28766377694788181], [0.55632398623840629, 0.080222828732902957, 0.36345318502869067], [0.55632398623840629, 0.080222828732902957, 0.36345318502869067], [0.5563239862384064, 0.080222828732903262, 0.3634531850286904]]
197
[[0.42296715516936301, 0.56270432177939256, 0.014328523051244423], [0.47035735154624708, 0.52102760487715571, 0.0086150435765973681], [0.44003903759930069, 0.55232318834699634, 0.0076377740537030394], [0.44001943545157746, 0.55235753866001858, 0.0076230258884039765], [0.4400167805002233, 0.5523621882075932, 0.0076210312921836092]]
278
[[0.9613611697354274, 0.021203469067315597, 0.017435361197256988], [0.98153827941982719, 0.010031257738350409, 0.0084304628418222973], [0.9869075191906711, 0.0073271661807554501, 0.0057653146285735124], [0.9869065856334398, 0.007327686027691703, 0.0057657283388684909], [0.98690651842855059, 0.0073277234504096995, 0.0057657581210398112]]
20
[[0.49203222662499319, 0.22759792951671864, 0.28036984385828811], [0.51270668797340568, 0.21515908712117016, 0.27213422490542422], [0.51422293476217251, 0.21426563588621259, 0.27151142935161493], [0.51469856620356147, 0.21398325437929724, 0.27131817941714137], [0.51476302565752607, 0.21394499569334544, 0.27129197864912846]]
21
[[0.36675624848024624, 0.25756631259334101, 0.37567743892641281], [0.43705014496786182, 0.30648658123200789, 0.25646327380013029], [0.35442013227192321, 0.28594784255680966, 0.35963202517126702], [0.38407310753672419, 0.21659860918007809, 0.39932828328319764], [0.3891899219887186, 0.2041660670903501, 0.40664401092093128]]
286
[[0.33333333333333331, 0.33333333333333331, 0.33333333333333331], [0.24716724055679262, 0.18040030516952957, 0.57243245427367784], [0.33333333333333331, 0.33333333333333331, 0.33333333333333331], [0.33333333333333331, 0.33333333333333331, 0.33333333333333331], [0.33333333333333331, 0.33333333333333331, 0.33333333333333331]]
234
[[0.33334144239935992, 0.33331116588970233, 0.3333473917109378], [0.73460913551884788, 0.038665691345234503, 0.22672517313591756], [0.39001565007322742, 0.10844981950012003, 0.50153453042665253], [0.39004781642459946, 0.10750545994722044, 0.50244672362818021], [0.3333535640429266, 0.33327802791557526, 0.3333684080414982]]
126
[[0.33333333333333331, 0.33333333333333331, 0.33333333333333331], [0.4778751606038168, 0.35018850767592424, 0.17193633172025882], [0.33333333333333331, 0.33333333333333331, 0.33333333333333331], [0.33333333333333331, 0.33333333333333331, 0.33333333333333331], [0.33333333333333331, 0.33333333333333331, 0.33333333333333331]]
192
[[0.068516066957367866, 0.5297437973645166, 0.40174013567811556], [0.079905029091886737, 0.51690645834032989, 0.40318851256778337], [0.068516066957367866, 0.5297437973645166, 0.40174013567811556], [0.068516066957367866, 0.5297437973645166, 0.40174013567811556], [0.068516066957367866, 0.5297437973645166, 0.40174013567811556]]
122
[[0.33333333333333331, 0.33333333333333331, 0.33333333333333331], [0.16992953780425366, 0.39225220750866269, 0.43781825468708363], [0.33333333333333331, 0.33333333333333331, 0.33333333333333331], [0.33333333333333331, 0.33333333333333331, 0.33333333333333331], [0.33333333333333331, 0.33333333333333331, 0.33333333333333331]]
110
[[0.37614343917813692, 0.18609133691911828, 0.43776522390274475], [0.39418521801700052, 0.29438917245090968, 0.31142560953208986], [0.37082593831378768, 0.20997650720080457, 0.41919755448540769], [0.37082593821635179, 0.20997650760691841, 0.41919755417672983], [0.37082585465084411, 0.20997685590838266, 0.41919728944077322]]
252
[[0.26810553449554803, 0.3618315589758771, 0.37006290652857482], [0.95325601432685558, 0.024054575850807898, 0.022689409822336522], [0.16159435262126329, 0.38779120672111889, 0.4506144406576178], [0.16159498691239885, 0.3877911067001012, 0.45061390638749987], [0.26804358169361431, 0.36185066658283283, 0.37010575172355292]]
151
[[0.15945829699686268, 0.67828681207838004, 0.16225489092475734], [0.23090209674861634, 0.53140966218410735, 0.23768824106727621], [0.21808488948676402, 0.55691647338098371, 0.22499863713225216], [0.21682241917405201, 0.55940105413501684, 0.22377652669093098], [0.21665061359450935, 0.5597392336434438, 0.22361015276204696]]
105
[[0.33333333581016295, 0.33333333224408584, 0.33333333194575115], [0.52880164195689505, 0.22863185942426409, 0.24256649861884086], [0.33333333333333331, 0.33333333333333331, 0.33333333333333331], [0.33333333333333331, 0.33333333333333331, 0.33333333333333331], [0.33333333333333331, 0.33333333333333331, 0.33333333333333331]]
297
[[0.084858983374844446, 0.10722684206183877, 0.80791417456331682], [0.050822453846536615, 0.40673504250991016, 0.54244250364355318], [0.028396823049019727, 0.18364330829055461, 0.78795986866042556], [0.027425451108495615, 0.18895731119904102, 0.78361723769246328], [0.027294317584229205, 0.18970088542075697, 0.7830047969950138]]
68
[[0.39868987490410579, 0.51988682401578357, 0.081423301080110658], [0.42653042106256994, 0.48449731096642079, 0.088972267971009211], [0.48465252650284035, 0.31182100944106439, 0.20352646405609531], [0.48520191472552171, 0.31169627910539971, 0.20310180616907861], [0.4544897174639862, 0.42932365607189754, 0.1161866264641163]]
343331 686.662
11871 138.034883721

188
[[0.5774750860633433, 0.17239888120684391, 0.25012603272981282], [0.55454286447828149, 0.18208212198191362, 0.26337501353980503], [0.33333333333333331, 0.33333333333333331, 0.33333333333333331], [0.33333333333333331, 0.33333333333333331, 0.33333333333333331], [0.33333333333333426, 0.33333333333333254, 0.33333333333333304]]
121
[[0.14679970349306776, 0.4984075184296709, 0.35479277807726134], [0.18093066095452656, 0.33383144616412713, 0.48523789288134644], [0.11837645238111777, 0.51133993928153088, 0.37028360833735136], [0.11837645238111777, 0.51133993928153088, 0.37028360833735136], [0.11837645238111777, 0.51133993928153088, 0.37028360833735136]]
229
[[0.53157690319133633, 0.26693518461887167, 0.2014879121897919], [0.37531190500809264, 0.17291451328089241, 0.451773581711015], [0.51595252450024964, 0.28743419523262342, 0.19661328026712688], [0.51553150988438079, 0.2879879344185835, 0.19648055569703562], [0.51547442823778855, 0.28806301637235754, 0.19646255538985391]]
102
[[0.33333333333333331, 0.33333333333333331, 0.33333333333333331], [0.33607824836884509, 0.34073476522501894, 0.32318698640613597], [0.33333333333333331, 0.33333333333333331, 0.33333333333333331], [0.33333333333333331, 0.33333333333333331, 0.33333333333333331], [0.33333333333333331, 0.33333333333333331, 0.33333333333333331]]
179
[[0.61540805543194865, 0.35817329607877008, 0.026418648489281198], [0.39636819840105192, 0.48871247165015996, 0.11491932994878812], [0.40586717465017874, 0.55877624789207037, 0.0353565774577509], [0.098699636159257545, 0.86227068001945228, 0.039029683821290191], [0.042428197225316863, 0.92218760916115039, 0.035384193613532837]]
292
[[0.33113078791670492, 0.63494244062567995, 0.033926771457615176], [0.38406012518038912, 0.59700235798132151, 0.018937516838289297], [0.33122963397147426, 0.64393046640521412, 0.02483989962331155], [0.33122963397147426, 0.64393046640521412, 0.02483989962331155], [0.33122963397147426, 0.64393046640521412, 0.02483989962331155]]
200
[[0.35297140693156071, 0.40458379988689863, 0.24244479318154072], [0.58244855330914147, 0.27333370023811288, 0.14421774645274565], [0.35379387292206232, 0.40927815505921777, 0.23692797201871985], [0.35379387292206232, 0.40927815505921777, 0.23692797201871985], [0.35379387292206232, 0.40927815505921777, 0.23692797201871985]]
221
[[0.33333333333250159, 0.33333333334110837, 0.33333333332639004], [0.32484018967568279, 0.33342834231138463, 0.34173146801293253], [0.33333330816369944, 0.33333356862304825, 0.33333312321325231], [0.33333333333218007, 0.33333333334411419, 0.33333333332370563], [0.33333333333321202, 0.3333333333344673, 0.33333333333232062]]
162
[[0.095777143213629803, 0.12579090050964276, 0.77843195627672734], [0.88701412932576296, 0.052845657449732353, 0.060140213224504697], [0.1413524999959071, 0.10883674753271246, 0.7498107524713804], [0.026150519967559994, 0.092871310824563832, 0.88097816920787608], [0.018171756530216503, 0.088234123596179118, 0.89359411987360438]]
50
[[0.51591386674994355, 0.2089120024131132, 0.27517413083694336], [0.5756447477429214, 0.18025055924608319, 0.24410469301099544], [0.54364355323365909, 0.19235559643260461, 0.26400085033373627], [0.54412004812735526, 0.1920757628068577, 0.26380418906578718], [0.54418460822595827, 0.19203786022787131, 0.26377753154617045]]
182
[[0.67626873315139402, 0.059400622195225072, 0.26433064465338096], [0.60685665044188375, 0.1229378925397422, 0.27020545701837395], [0.65479236287867282, 0.067790849260775318, 0.27741678786055191], [0.65479236287867282, 0.067790849260775318, 0.27741678786055191], [0.65479236287364073, 0.067790849262811356, 0.2774167878635479]]
250
[[0.33333333333333331, 0.33333333333333331, 0.33333333333333331], [0.33471801883099828, 0.32628657473435324, 0.33899540643464854], [0.33333333333333331, 0.33333333333333331, 0.33333333333333331], [0.33333333333333331, 0.33333333333333331, 0.33333333333333331], [0.33333333333333331, 0.33333333333333331, 0.33333333333333331]]
67
[[0.5652462532238034, 0.21366729878283483, 0.22108644799336188], [0.31511799140496088, 0.47722317495680217, 0.20765883363823692], [0.5652462532238034, 0.2136672987828348, 0.22108644799336186], [0.5652462532238034, 0.2136672987828348, 0.22108644799336186], [0.56524625316603971, 0.2136672988121362, 0.2210864480218242]]
214
[[0.33333333333333331, 0.33333333333333331, 0.33333333333333331], [0.59050541043255445, 0.18965698719038684, 0.2198376023770586], [0.33333333333333331, 0.33333333333333331, 0.33333333333333331], [0.33333333333333331, 0.33333333333333331, 0.33333333333333331], [0.33333333333333331, 0.33333333333333331, 0.33333333333333331]]
118
[[0.40747818988045148, 0.074916053521449727, 0.51760575659809882], [0.9468553577783434, 0.017696231382501849, 0.035448410839154655], [0.3902825818551105, 0.36674992338570428, 0.24296749475918519], [0.38551578157054894, 0.36911557988273569, 0.24536863854671531], [0.38424245423634973, 0.37160762559477134, 0.24414992016887907]]
81
[[0.33333633145490693, 0.33332918177764842, 0.33333448676744465], [0.074979882105905601, 0.59580542760063204, 0.32921469029346229], [0.33333617730611181, 0.33332939522983324, 0.33333442746405489], [0.33333333545681809, 0.33333333039289559, 0.33333333415028638], [0.33684015850349391, 0.32849332048361424, 0.33466652101289185]]
65
[[0.33333333333264409, 0.33333333333371212, 0.33333333333364384], [0.65469737738111067, 0.12722259678882902, 0.21808002583006031], [0.33333333333333331, 0.33333333333333331, 0.33333333333333331], [0.33333333333333331, 0.33333333333333331, 0.33333333333333331], [0.33333333333333287, 0.33333333333333359, 0.33333333333333354]]
192
[[0.030155472067840819, 0.57074767915820412, 0.39909684877395507], [0.11691369120016085, 0.47942331839224961, 0.40366299040758952], [0.030155472066401887, 0.57074767916354152, 0.39909684877005663], [0.030155472066401887, 0.57074767916354152, 0.39909684877005663], [0.030155472066404232, 0.57074767916353275, 0.39909684877006296]]
135
[[0.33236307372037599, 0.33428106905616134, 0.33335585722346273], [0.21521461310348511, 0.60247810832941662, 0.18230727856709811], [0.31435667713815196, 0.35220563463000226, 0.33343768823184583], [0.31435667713815196, 0.35220563463000226, 0.33343768823184583], [0.31435667713815219, 0.35220563463000198, 0.33343768823184583]]
135
[[0.61738778120994509, 0.12883350177236924, 0.25377871701768551], [0.3770138617250296, 0.36175088712829562, 0.26123525114667479], [0.67959675152029886, 0.18162859303846648, 0.1387746554412346], [0.66047623161886115, 0.15531082124021581, 0.18421294714092301], [0.57586886837468598, 0.10172635455139861, 0.32240477707391529]]
282
[[0.20825346068866632, 0.60487300521315179, 0.18687353409818183], [0.8414913475496546, 0.088564165498326491, 0.069944486952018783], [0.17516547042949671, 0.68310393174650696, 0.14173059782399619], [0.17265042415698648, 0.68692734386014498, 0.14042223198286846], [0.20588513830627073, 0.66411953440280325, 0.12999532729092594]]
2
[[0.19508674845851537, 0.36826362104759952, 0.43664963049388528], [0.51116139317732467, 0.25795936212403348, 0.23087924469864182], [0.161688004778687, 0.37246502461246034, 0.46584697060885261], [0.092952069565364906, 0.37042361347016212, 0.53662431696447299], [0.084102616688255527, 0.36843503310936104, 0.54746235020238343]]
241
[[0.10110587271588842, 0.070680043403084952, 0.82821408388102669], [0.15430586883677949, 0.080782668150165285, 0.76491146301305535], [0.023468185555828552, 0.050125432837506596, 0.92640638160666477], [0.015499323149654694, 0.049052127137149251, 0.93544854971319613], [0.014571369523889724, 0.048891983970527006, 0.93653664650558333]]
18
[[0.4908491450526154, 0.11706469964802856, 0.39208615529935614], [0.47560150354595243, 0.25862670260639709, 0.26577179384765054], [0.37917445004059902, 0.26281913819759323, 0.35800641176180775], [0.49431975040972742, 0.11328254751522106, 0.39239770207505148], [0.49955614701373263, 0.10767904864703411, 0.39276480433923333]]
139
[[0.55661597792363682, 0.10606691302050665, 0.33731710905585643], [0.35235195750830134, 0.20863990645618929, 0.43900813603550931], [0.27823987553787538, 0.22950431927666626, 0.49225580518545836], [0.27823987553812768, 0.22950431927663117, 0.49225580518524115], [0.27940290904383225, 0.22934210431432864, 0.49125498664183909]]
214
[[0.38021826932623831, 0.40788244941833224, 0.21189928125542937], [0.54410882030930507, 0.33066138841072751, 0.12522979127996736], [0.38021827509550721, 0.40788244531384388, 0.21189927959064897], [0.38021828901780552, 0.40788243540896446, 0.21189927557322996], [0.38021826957501331, 0.40788244924134387, 0.21189928118364287]]
44
[[0.49762295027617653, 0.3945243001230459, 0.10785274960077745], [0.61407754655567315, 0.32115409705533515, 0.064768356388991727], [0.51225505969741669, 0.39511067247575077, 0.092634267826832581], [0.512498715456425, 0.39511149890054387, 0.092389785643031214], [0.51253170366644618, 0.39511158771546678, 0.092356708618087036]]
82
[[0.33333333333333331, 0.33333333333333331, 0.33333333333333331], [0.096722661507253976, 0.49786608077196193, 0.40541125772078412], [0.33333333333333331, 0.33333333333333331, 0.33333333333333331], [0.33333333333333331, 0.33333333333333331, 0.33333333333333331], [0.33333333333333331, 0.33333333333333331, 0.33333333333333331]]
140
[[0.48499748978805612, 0.27981828175150597, 0.23518422846043802], [0.52780889692114774, 0.26106713392058573, 0.21112396915826645], [0.52827546855051144, 0.26148138410859784, 0.21024314734089072], [0.52827546855051144, 0.26148138410859784, 0.21024314734089072], [0.52827546855051144, 0.26148138410859784, 0.21024314734089072]]
82
[[0.28703325353376224, 0.21864167551495156, 0.49432507095128614], [0.2719181742721466, 0.1932894717569448, 0.53479235397090863], [0.2849469137338731, 0.21502199303613673, 0.50003109322999029], [0.2849469137338731, 0.21502199303613673, 0.50003109322999029], [0.2849469137338731, 0.21502199303613673, 0.50003109322999029]]
107
[[0.49906358599377032, 0.32672692419425164, 0.17420948981197804], [0.52136548441795727, 0.24903484038963294, 0.22959967519240973], [0.50075827665432082, 0.33513479125409906, 0.16410693209158012], [0.50458726630400252, 0.33449223952833712, 0.16092049416766049], [0.50511141362202627, 0.33440172859404049, 0.16048685778393329]]
132
[[0.33333333333362541, 0.33333333333327037, 0.33333333333310428], [0.73236090487741079, 0.098801921129365616, 0.16883717399322357], [0.33333333333333331, 0.33333333333333331, 0.33333333333333331], [0.33333333333333331, 0.33333333333333331, 0.33333333333333331], [0.33333333398196469, 0.33333333277535965, 0.33333333324267556]]
84
[[0.33622027358235013, 0.34066090986366909, 0.32311881655398084], [0.66815969257183994, 0.25931320278947345, 0.072527104638686599], [0.33583846328728273, 0.33967114118136932, 0.32449039553134801], [0.33583846328728273, 0.33967114118136932, 0.32449039553134801], [0.33583846328728273, 0.33967114118136932, 0.32449039553134801]]
204
[[0.42467093969553871, 0.084994088752935001, 0.49033497155152622], [0.4314418524135622, 0.032761200010388888, 0.53579694757604901], [0.45799554737512393, 0.10205127462541969, 0.43995317799945632], [0.45799554737512815, 0.10205127462542195, 0.43995317799944983], [0.45799554682012028, 0.10205127251472747, 0.4399531806651521]]
89
[[0.33333333333333331, 0.33333333333333331, 0.33333333333333331], [0.72808326154391634, 0.21710541310490761, 0.05481132535117593], [0.33333333333333331, 0.33333333333333331, 0.33333333333333331], [0.33333333333333331, 0.33333333333333331, 0.33333333333333331], [0.33333333333333331, 0.33333333333333331, 0.33333333333333331]]
184
